3284:
2392576
3285:
119716
1350903
2152097
2464076
612443
1492487
1415619
2067395
1498913
2116402
145301
133119
1016668
2384120
283444
411396
1512267
1495780
1136744
124621
1529531
2250486
1452847
1760910
482427
368048
495904
263439
286383
2543844
2236423
1555693
1796497
1679377
511112
1373297
822320
290306
2610321
1460326
114157
1822239
971226
1406565
1433163
1535071
29777
1926603
1957050
2190892
479581
1880098
2515964
611251
246117
140022
902787
840650
258280
389210
619498
2150180
538113
1559940
1822377
844234
2290272
2475716
863873
493407
43717
2070300
1528345
696431
1961896
2167296
2465844
1708221
1311528
1759013
1947565
597385
859400
342616
1082864
1258189
1528532
2585464
589373
896933
928837
829401
387644
298244
135074
2335174
2366219
451817
2414796
2547233
1139226
1587694
501454
2239191
2620485
1552548
1619508
1547247
345066
896752
2028539
1305570
437096
2533900
452796
1310425
2212256
1694620
1950685
203313
417941
764560
258598
521315
548665
1695634
1023363
616050
834363
2117933
2646578
1375312
984441
806250
1727593
1280078
1182000
2205138
2529292
274206
1714566
596512
1139484
269615
506048
3286:
891699
285975
1820271
1156147
1073510
1029862
1934076
30889
1880434
1997637
3287:
1398776
763394
3288:
341468
2558409
940817
669451
935732
2223240
1837182
514079
3289:
780320
2141318
1068417
2049802
2410448
384538
172257
1595722
329:
1432761
1479087
618010
1484465
1765949
222705
2610109
2604263
718384
2431682
701490
408856
2162865
315988
1845836
331423
21922
2516042
2528847
1609058
855509
2122428
1951666
1336537
2568963
1686968
2108810
102933
1995200
409085
1670399
154100
2458285
116380
30496
2173590
1323893
2532881
96081
1979459
2296996
2027853
552786
2329249
829431
2579067
2419881
1870867
1708799
1529713
1145831
1359410
1769951
2210979
1256078
2545841
1085146
973501
2171158
2576560
1626346
557529
191378
2100050
1723208
1470648
627655
608724
2155399
569259
605762
655557
1727665
901629
106528
351708
2613816
1889279
1392665
1004578
2574295
284224
1662481
363528
1456184
431711
187026
2090239
464550
149058
1905973
1748826
1255017
2625985
2168421
1333099
1188870
263562
788408
2144073
1200678
1345145
2603297
2235621
2574015
2175000
1108388
867203
1819699
1307145
1424658
1661608
195
662875
799710
2620378
1533535
988272
2170906
2381775
382592
2399376
1910035
2231591
1435648
498504
1557361
960152
513887
1240690
961149
1071984
1725691
374215
1234704
1703667
1786956
1712792
674806
1750867
1344143
1250851
231650
2530588
1607533
467808
365703
67796
1756365
2269805
246341
1437484
23421
1576556
1686802
135104
2374370
573144
585902
2234218
1751245
1523158
1147266
583395
1442861
963762
346583
1162743
1125840
1854976
397608
2326499
904672
174206
378184
217609
1257900
568623
2013408
108285
2220603
1766152
1261821
2562955
607522
559992
2567997
1357355
2108022
2281080
331501
2422852
2432950
380762
473452
2268631
2146527
1658301
1124163
2098474
1791966
2341307
2098394
625720
1809775
2206249
1262488
1345575
1522889
640427
496910
2570348
2050054
94624
948413
1997436
1668189
1012805
2083214
1489005
1393014
1012553
1039574
2157041
1132260
2595092
2007773
2585674
2155313
1696755
802025
1712255
447327
27517
1791778
850652
2040566
1446783
6369
1293600
539037
2506886
2029113
427833
1628237
481002
711569
2447908
2195778
875124
1623681
1967200
2440000
381682
484589
68526
684565
2125585
788419
29655
598844
2404017
575987
2380687
1813869
11568
1434577
1141519
1686291
915726
1510501
799462
1380822
1199095
1361054
1232747
397570
90187
2401721
162891
2026653
1996876
218627
1548483
560212
433351
2193384
353296
1628932
1838226
2555322
1554317
952235
1996293
513969
1104269
2146147
36175
1748832
1628310
1825163
596636
1653681
120438
667607
489033
357340
2460888
2164428
1091405
886415
1613866
46278
1923976
2292853
26694
1824637
941087
889886
2570628
514753
1682599
2451973
417220
1074585
1282185
1269539
2438352
151696
1720636
758378
495833
1502212
369624
922127
1742750
2479818
348661
607102
869530
305768
1845221
1858748
1649367
164
1163421
911234
908056
562320
1990611
2097625
96760
2066308
1135859
1551437
2035790
1209859
1622694
1851288
2448474
205421
461870
2043142
902509
1749649
526922
1854329
1516215
610994
938006
1350157
2468076
897505
533040
1107050
2237236
2077023
2497159
1320175
1712493
2488244
1932924
542506
350313
2066988
845476
1266384
781414
2203785
1716982
1130108
1434823
1187330
892910
675279
791937
585094
2073528
1352187
1978179
2296151
1470753
2083395
819419
2129193
1136933
1994568
1090853
1607154
1070801
1307769
617471
2473034
2104784
2491420
539035
2139425
217807
2552108
1347874
1291022
982493
362184
1348967
130290
321376
1002975
1765823
1903698
739758
1635187
1104838
2056472
2600245
1233478
717313
336804
43094
1250630
2500230
1353048
2003803
1244093
2130021
852683
567009
1099347
1381940
2038194
48479
358217
2058760
70330
885233
1507106
2007083
910595
1244733
2070552
1452272
2128347
1207709
975062
2541909
2108929
1494913
2405252
231314
1286481
415033
1567476
370907
732303
1135292
1302581
1271619
570582
610051
608648
101793
852457
760883
2112522
1828490
979436
262804
1181789
2046644
1726765
1841047
947265
2361592
2040398
2319536
1379279
1577211
2021960
1389012
1559156
2356835
1390489
2505657
1986839
255476
2366305
1222688
1099549
581754
296703
1916365
1916866
1545783
219897
1912446
1718854
1831536
479424
2179932
1315778
1859429
406537
741748
1128873
225621
1208571
2378274
525368
1067296
1957180
1906070
1221409
2424371
419674
2456462
1775115
659252
2256986
75363
590239
2255638
382583
2244371
1424237
1992708
552431
1985466
131726
2126267
1238383
966033
1669891
2339399
497714
1089894
2080367
1844838
160669
2535504
1392675
1729476
1605454
1254366
1563756
1156913
1745187
2550541
2218591
1842951
209502
1868469
141391
1771040
1622755
495428
3720
533676
934394
915270
1878473
195271
538185
484095
2540708
1032784
2099632
1595756
1882704
2454784
413949
183596
910529
2102334
1486641
713769
1488640
942382
422491
179801
1034488
549702
1928255
919106
2107376
395286
1276647
1679853
1178717
383014
2426411
246849
2580342
1617324
1787157
2550989
1227156
2570163
1920370
2150305
2182412
1992864
525947
1366970
1055081
1064556
589412
2473958
1451587
2570805
1151314
698085
2635630
909744
1576579
789058
1621553
2059476
462421
1920230
1759665
1887544
2092481
2258832
2152870
401417
2544126
2543623
1968976
1138029
1785219
2486651
2598009
1648477
953601
2529101
784854
1940134
1116585
2213751
1620114
493539
1177734
497781
2553622
2503653
1767935
2296696
2558967
533546
1937271
1006868
1491005
2255772
2099030
2323402
1614484
2087737
1336140
1243357
2156795
1706842
1795371
829548
652340
1318008
1925658
838434
1979039
1161146
2052000
2213430
647575
711247
103988
629636
662784
1938330
42352
2303934
458536
2084185
1096499
888443
1244957
277631
1084924
491908
1673825
2031456
2290836
1264587
859154
1007984
2568346
2228166
637102
1873085
1045245
2096649
1847806
1653669
716785
2293184
73932
741743
791676
14391
637803
1158980
269620
883555
2169161
2135781
777154
470934
57366
1207797
447040
1600359
2044228
2091258
2632109
1946151
2015100
2152187
2132452
1014966
1273493
1430540
190890
981924
1052554
287190
315883
1098392
2124416
122280
2494215
2518589
1498816
943166
2025689
116189
2043094
2608823
17163
2452707
71978
1647628
1118265
1170994
1949513
1155713
2225314
1140595
240907
2248085
349217
2226469
294623
608888
446521
2546113
215555
1743772
1586663
2246764
754495
474171
128061
1694753
916848
1477185
867668
1742823
836133
386354
2568134
1663116
385748
2594640
137895
1316632
1511008
43042
1532145
1888317
1146148
1466397
129631
2565317
1431319
1869872
661563
360249
2091052
2574010
434215
2325212
1159382
1336217
1601496
2230436
796464
756134
815772
2621886
1312029
940486
586813
1219048
1510697
799026
704153
158078
2301229
1343296
1442448
1783796
2320476
882024
1524903
1805906
195116
1183685
2108625
1320172
1668428
2581196
1716139
175349
138718
1867496
1146124
1507644
2205042
1372722
2472254
2020133
101238
977438
2403826
1713728
686946
1913040
2011845
2566980
1006504
1553649
2236701
645893
13695
699119
2395164
1738343
1438029
201837
1607079
1931129
2436362
1184403
2005530
1909591
885209
2520358
1851582
1882217
101869
1374373
741179
2172071
1358805
411122
1658130
1332547
2642903
2420939
1914106
660494
1337627
576053
1280627
1516453
624142
2321810
357022
2486965
1862986
1218374
304234
405372
1259085
2541256
1098010
1274744
1809854
1755395
2073605
869130
20697
2481062
1256600
1999117
977610
241920
950798
1496300
2118771
569416